art,722953,5643,5552
culture_and_the_arts,7547977,846424,846424
culture_and_the_arts__culture_and_humanities,4479860,263914,263914
culture_and_the_arts__games_and_toys,58611,9752,9752
culture_and_the_arts__mass_media,82301,73617,73617
culture_and_the_arts__performing_arts,278843,104114,104114
culture_and_the_arts__sports_and_recreation,2061460,359577,359577
culture_and_the_arts__the_arts_and_entertainment,6432,7647,7647
culture_and_the_arts__visual_arts,580470,27803,27803
general_referece,1394404,55451,55451
general_referece__further_research_tools_and_topics,1118229,31925,31925
general_referece__reference_works,276175,23526,23526
health_and_fitness,2861586,152499,152499
health_and_fitness__exercise,669135,52720,52720
health_and_fitness__health_science,446057,14334,14334
health_and_fitness__human_medicine,308285,25882,25882
health_and_fitness__nutrition,210935,11462,11462
health_and_fitness__public_health,661529,21763,21763
health_and_fitness__self_care,565645,26338,26338
history_and_events,4795382,219265,219265
history_and_events__by_continent,1327935,128362,128362
history_and_events__by_period,3374766,83756,83756
history_and_events__by_region,92681,7147,7147
human_activites,8307698,290498,290498
human_activites__human_activities,8166690,276269,276269
human_activites__impact_of_human_activity,141008,14229,14229
mathematics_and_logic,1386425,42359,42359
mathematics_and_logic__fields_of_mathematics,183684,14926,14926
mathematics_and_logic__logic,482968,9153,9153
mathematics_and_logic__mathematics,719773,18280,18280
natural_and_physical_sciences,4831116,465508,465508
natural_and_physical_sciences__biology,3153472,109725,109725
natural_and_physical_sciences__earth_sciences,412197,234889,234889
natural_and_physical_sciences__nature,399366,87149,87149
natural_and_physical_sciences__physical_sciences,866081,33745,33745
philosophy,1225142,6057,6286
philosophy_and_thinking,3804840,49022,49022
philosophy_and_thinking__philosophy,2698725,23870,23870
philosophy_and_thinking__thinking,1106115,25152,25152
religion_and_belief_systems,1378270,108776,108776
religion_and_belief_systems__allah,847504,36123,36123
religion_and_belief_systems__belief_systems,38368,8579,8579
religion_and_belief_systems__major_beliefs_of_the_world,492398,64074,64074
society_and_social_sciences,9022711,270190,270190
society_and_social_sciences__social_sciences,20869,12532,12532
society_and_social_sciences__society,9001842,257658,257658
technology_and_applied_sciences,7402564,265355,265355
technology_and_applied_sciences__agriculture,6524397,188747,188747
technology_and_applied_sciences__computing,309316,20626,20626
technology_and_applied_sciences__engineering,336743,10452,10452
technology_and_applied_sciences__transport,232108,45530,45530
alg-geom,119770,0,0
ao-sci,741,0,0
astro-ph.co,3275153,8189,7668
astro-ph.ep,947650,7930,7651
astro-ph.he,1897896,8240,8406
astro-ph.im,852549,8469,8584
astro-ph.sr,1972444,7124,7161
astro-ph_l1,27233091,8469,7295
atom-ph,614774,8925,9369
bayes-an,380,0,0
chao-dyn,99434,0,0
chem-ph,590950,10633,9892
cmp-lg,42157,0,0
comp-gas,8061,0,0
cond-mat,7839944,11347,8749
cond-mat.dis-nn,826463,11662,11872
cond-mat.mes-hall,2527181,9465,10148
cond-mat.mtrl-sci,1669381,7746,7519
cond-mat.other,487034,10575,10374
cond-mat.quant-gas,811094,11347,10040
cond-mat.soft,1256348,8896,9355
cond-mat.stat-mech,3254870,12932,13232
cond-mat.str-el,2220513,9754,9606
cond-mat.supr-con,982059,9269,8774
cond-mat_l1,22052065,11662,13812
cs.ai,1517884,11222,11262
cs.ar,54130,8149,8439
cs.cc,783381,16471,15891
cs.ce,203086,11268,11481
cs.cg,370034,12133,12782
cs.cl,865484,8698,9665
cs.cr,1003489,10268,9968
cs.cv,1976720,8787,8904
cs.cy,334798,8235,8366
cs.db,406443,10097,10667
cs.dc,823940,10105,10063
cs.dl,114856,7754,7734
cs.dm,847488,15774,15747
cs.ds,1572132,12707,13407
cs.et,79550,7792,8203
cs.fl,297486,16135,16076
cs.gl,3975,1260,1260
cs.gr,102501,9877,10134
cs.gt,650640,13915,14250
cs.hc,253079,8500,8667
cs.ir,364753,9739,9681
cs.it,2981319,0,0
cs.lg,3864712,13683,12980
cs.lo,1135583,15506,14914
cs.ma,224238,10607,10473
cs.mm,108855,9472,9522
cs.ms,81499,7892,7892
cs.na,677397,14282,14282
cs.ne,423598,10248,10463
cs.ni,853330,9199,9522
cs.oh,54390,10165,11264
cs.os,21448,6676,6676
cs.pf,135219,11047,11047
cs.pl,400055,12472,11851
cs.ro,507136,10067,10312
cs.sc,130559,17629,18395
cs.sd,136321,8044,8044
cs.se,405076,9497,9634
cs.si,724481,9899,10041
cs.sy,936651,14792,15316
cs_l1,27247548,12133,13327
dg-ga,66117,0,0
econ.em,65678,13471,13471
econ.gn,41589,0,0
econ.th,33719,6868,6868
econ_l1,151024,15961,14681
eess.as,113634,1821,1821
eess.iv,198758,8360,8360
eess.sp,439722,11433,11337
eess.sy,230730,0,0
eess_l1,1004998,8873,12107
funct-an,36243,0,0
gr-qc,5880332,16149,15046
hep-ex,1483987,9062,9126
hep-lat,1110194,12506,12593
hep-ph,11151938,14181,13464
hep-th,11249382,18256,17772
math-ph,6580990,0,0
math.ac,878830,21473,22057
math.ag,4603294,21186,21745
math.ap,5293554,30846,28886
math.at,1272121,21936,22056
math.ca,1628207,29588,29378
math.ct,642389,21419,21265
math.cv,1224156,25348,24984
math.dg,3547572,23391,23456
math.ds,2772810,21115,20643
math.fa,2267026,25712,25721
math.gm,95606,24064,22036
math.gn,280404,19998,20074
math.gr,1644053,18546,19144
math.gt,1736903,16123,16253
math.ho,92100,12389,13199
math.it,2981319,0,0
math.kt,551567,23883,24377
math.lo,948339,19500,18971
math.mg,789486,21359,20734
math.mp,6580990,0,0
math.na,2218711,20707,19772
math.nt,2859851,25971,26783
math.oa,1148652,20911,21802
math.oc,2818481,20733,19792
math.pr,5033351,26482,25606
math.qa,1826643,25459,25280
math.ra,1317434,22532,22244
math.rt,2304237,21957,22236
math.sg,804614,19724,20021
math.sp,797320,26000,25969
math.st,1703991,0,0
math_l1,74700936,25348,21853
mtrl-th,7163,0,0
nlin.ao,240253,10774,11260
nlin.cd,609335,12349,11659
nlin.cg,57115,4404,4404
nlin.ps,340765,12172,12363
nlin.si,875044,25229,26221
nlin_l1,2215117,12772,25454
nucl-ex,616520,7588,7867
nucl-th,2040011,10891,10594
patt-sol,23881,0,0
physics.acc-ph,152081,11505,10577
physics.ao-ph,163381,8719,9232
physics.app-ph,188389,8360,7928
physics.atm-clus,58728,6150,6150
physics.atom-ph,608636,8925,9369
physics.bio-ph,498277,9157,9081
physics.chem-ph,580658,10633,9892
physics.class-ph,328351,14323,14446
physics.comp-ph,751802,12043,12755
physics.data-an,371414,11589,12406
physics.ed-ph,69796,8554,8891
physics.flu-dyn,906009,9440,8843
physics.gen-ph,350910,13922,13800
physics.geo-ph,167245,9867,9195
physics.hist-ph,144558,8097,8001
physics.ins-det,401700,8319,8267
physics.med-ph,113422,8997,9162
physics.optics,934934,8588,7948
physics.plasm-ph,478752,10278,10550
physics.pop-ph,46259,4889,4889
physics.soc-ph,756179,9615,9233
physics.space-ph,150629,7492,7571
physics_l1,8621380,8097,10255
plasm-ph,479679,10278,10550
q-alg,135331,0,0
q-bio,1935367,8621,8818
q-bio.bm,162600,8351,8235
q-bio.cb,77415,6741,6741
q-bio.gn,86438,8262,8175
q-bio.mn,161837,9362,9280
q-bio.nc,310222,8433,8016
q-bio.ot,22173,7038,7038
q-bio.pe,456803,9751,9724
q-bio.qm,326121,9330,12596
q-bio.sc,69285,5251,5251
q-bio.to,58485,7747,7747
q-bio_l1,3830041,8621,8588
q-fin.cp,114691,11315,11315
q-fin.ec,71797,5840,5840
q-fin.gn,85002,10246,10246
q-fin.mf,137185,20787,20579
q-fin.pm,95386,11318,11318
q-fin.pr,127474,18193,17498
q-fin.rm,108916,13529,13529
q-fin.st,111674,9933,9736
q-fin.tr,67969,10353,10353
q-fin_l1,1113123,10824,18079
quant-ph,6107063,13486,13077
solv-int,112031,0,0
stat.ap,633094,10306,10638
stat.co,410322,13844,14148
stat.me,1173754,13510,12076
stat.ml,3055922,15020,14118
stat.ot,38433,7630,7630
stat.th,1703991,0,0
stat_l1,7107253,13844,13337
supr-con,985097,9269,8774
